Converting Training Data
----------------------------------------
Converting Validation Data
====================
Converting Test Data
++++++++++++++++++++
Saving off tuples
............................................................
Demographics:  torch.Size([13014, 21, 5])
Observations:  torch.Size([13014, 21, 33])
Actions:  torch.Size([13014, 20, 25])
Lengths:  torch.Size([13014])
Times:  torch.Size([13014, 21])
Acuities:  torch.Size([13014, 20, 3])
Rewards:  torch.Size([13014, 21])
Demographics:  tensor([[[-0.5000, -0.5000, -0.5000, -0.9679, -0.1828],
         [-0.5000, -0.5000, -0.5000, -0.9679, -0.1828],
         [-0.5000, -0.5000, -0.5000, -0.9679, -0.1828],
         [-0.5000, -0.5000, -0.5000, -0.9679, -0.1500],
         [-0.5000, -0.5000, -0.5000, -0.9679, -0.1418],
         [-0.5000, -0.5000, -0.5000, -0.9679, -0.1418],
         [-0.5000, -0.5000, -0.5000, -0.9679, -0.1418],
         [ 0.0000,  0.0000,  0.0000,  0.0000,  0.0000],
         [ 0.0000,  0.0000,  0.0000,  0.0000,  0.0000],
         [ 0.0000,  0.0000,  0.0000,  0.0000,  0.0000],
         [ 0.0000,  0.0000,  0.0000,  0.0000,  0.0000],
         [ 0.0000,  0.0000,  0.0000,  0.0000,  0.0000],
         [ 0.0000,  0.0000,  0.0000,  0.0000,  0.0000],
         [ 0.0000,  0.0000,  0.0000,  0.0000,  0.0000],
         [ 0.0000,  0.0000,  0.0000,  0.0000,  0.0000],
         [ 0.0000,  0.0000,  0.0000,  0.0000,  0.0000],
         [ 0.0000,  0.0000,  0.0000,  0.0000,  0.0000],
         [ 0.0000,  0.0000,  0.0000,  0.0000,  0.0000],
         [ 0.0000,  0.0000,  0.0000,  0.0000,  0.0000],
         [ 0.0000,  0.0000,  0.0000,  0.0000,  0.0000],
         [ 0.0000,  0.0000,  0.0000,  0.0000,  0.0000]],

        [[ 0.5000, -0.5000,  0.5000,  1.1851,  0.7482],
         [ 0.5000,  0.5000,  0.5000,  1.1851,  0.7482],
         [ 0.5000,  0.5000,  0.5000,  1.1851,  0.7482],
         [ 0.5000,  0.5000,  0.5000,  1.1851,  0.7482],
         [ 0.5000, -0.5000,  0.5000,  1.1851,  0.7482],
         [ 0.5000, -0.5000,  0.5000,  1.1851,  0.7482],
         [ 0.5000, -0.5000,  0.5000,  1.1851,  0.7482],
         [ 0.5000, -0.5000,  0.5000,  1.1851,  0.7482],
         [ 0.5000, -0.5000,  0.5000,  1.1851,  0.7482],
         [ 0.5000, -0.5000,  0.5000,  1.1851,  0.7482],
         [ 0.5000, -0.5000,  0.5000,  1.1851,  0.7482],
         [ 0.5000, -0.5000,  0.5000,  1.1851,  0.7482],
         [ 0.0000,  0.0000,  0.0000,  0.0000,  0.0000],
         [ 0.0000,  0.0000,  0.0000,  0.0000,  0.0000],
         [ 0.0000,  0.0000,  0.0000,  0.0000,  0.0000],
         [ 0.0000,  0.0000,  0.0000,  0.0000,  0.0000],
         [ 0.0000,  0.0000,  0.0000,  0.0000,  0.0000],
         [ 0.0000,  0.0000,  0.0000,  0.0000,  0.0000],
         [ 0.0000,  0.0000,  0.0000,  0.0000,  0.0000],
         [ 0.0000,  0.0000,  0.0000,  0.0000,  0.0000],
         [ 0.0000,  0.0000,  0.0000,  0.0000,  0.0000]]])
Observations:  tensor([[[ 0.6946, -0.7410, -0.8179,  ...,  0.1747, -0.4890, -0.2062],
         [ 0.6946, -1.1191, -0.8621,  ..., -0.1676,  1.7291, -0.9643],
         [ 0.6946, -1.0059, -0.5031,  ..., -0.1676,  1.7291, -0.9643],
         ...,
         [ 0.0000,  0.0000,  0.0000,  ...,  0.0000,  0.0000,  0.0000],
         [ 0.0000,  0.0000,  0.0000,  ...,  0.0000,  0.0000,  0.0000],
         [ 0.0000,  0.0000,  0.0000,  ...,  0.0000,  0.0000,  0.0000]],

        [[ 0.6946, -0.7392,  0.7191,  ...,  1.6475,  2.3652, -1.2639],
         [ 0.6946, -0.7392,  0.7191,  ...,  1.6475,  2.3652, -1.2639],
         [-0.8189, -1.3298,  0.8207,  ...,  1.5391, -0.4890, -1.2639],
         ...,
         [ 0.0000,  0.0000,  0.0000,  ...,  0.0000,  0.0000,  0.0000],
         [ 0.0000,  0.0000,  0.0000,  ...,  0.0000,  0.0000,  0.0000],
         [ 0.0000,  0.0000,  0.0000,  ...,  0.0000,  0.0000,  0.0000]]])
Actions:  tensor([[[0., 0., 0., 0., 0., 0., 0., 0., 0., 0., 1., 0., 0., 0., 0., 0., 0.,
          0., 0., 0., 0., 0., 0., 0., 0.],
         [0., 0., 0., 0., 0., 0., 0., 0., 0., 0., 1., 0., 0., 0., 0., 0., 0.,
          0., 0., 0., 0., 0., 0., 0., 0.],
         [0., 0., 0., 0., 0., 0., 0., 0., 0., 0., 1., 0., 0., 0., 0., 0., 0.,
          0., 0., 0., 0., 0., 0., 0., 0.],
         [0., 0., 0., 0., 0., 0., 0., 0., 0., 0., 1., 0., 0., 0., 0., 0., 0.,
          0., 0., 0., 0., 0., 0., 0., 0.],
         [0., 0., 0., 0., 0., 0., 0., 0., 0., 0., 1., 0., 0., 0., 0., 0., 0.,
          0., 0., 0., 0., 0., 0., 0., 0.],
         [0., 0., 0., 0., 0., 1., 0., 0., 0., 0., 0., 0., 0., 0., 0., 0., 0.,
          0., 0., 0., 0., 0., 0., 0., 0.],
         [1., 0., 0., 0., 0., 0., 0., 0., 0., 0., 0., 0., 0., 0., 0., 0., 0.,
          0., 0., 0., 0., 0., 0., 0., 0.],
         [0., 0., 0., 0., 0., 0., 0., 0., 0., 0., 0., 0., 0., 0., 0., 0., 0.,
          0., 0., 0., 0., 0., 0., 0., 0.],
         [0., 0., 0., 0., 0., 0., 0., 0., 0., 0., 0., 0., 0., 0., 0., 0., 0.,
          0., 0., 0., 0., 0., 0., 0., 0.],
         [0., 0., 0., 0., 0., 0., 0., 0., 0., 0., 0., 0., 0., 0., 0., 0., 0.,
          0., 0., 0., 0., 0., 0., 0., 0.],
         [0., 0., 0., 0., 0., 0., 0., 0., 0., 0., 0., 0., 0., 0., 0., 0., 0.,
          0., 0., 0., 0., 0., 0., 0., 0.],
         [0., 0., 0., 0., 0., 0., 0., 0., 0., 0., 0., 0., 0., 0., 0., 0., 0.,
          0., 0., 0., 0., 0., 0., 0., 0.],
         [0., 0., 0., 0., 0., 0., 0., 0., 0., 0., 0., 0., 0., 0., 0., 0., 0.,
          0., 0., 0., 0., 0., 0., 0., 0.],
         [0., 0., 0., 0., 0., 0., 0., 0., 0., 0., 0., 0., 0., 0., 0., 0., 0.,
          0., 0., 0., 0., 0., 0., 0., 0.],
         [0., 0., 0., 0., 0., 0., 0., 0., 0., 0., 0., 0., 0., 0., 0., 0., 0.,
          0., 0., 0., 0., 0., 0., 0., 0.],
         [0., 0., 0., 0., 0., 0., 0., 0., 0., 0., 0., 0., 0., 0., 0., 0., 0.,
          0., 0., 0., 0., 0., 0., 0., 0.],
         [0., 0., 0., 0., 0., 0., 0., 0., 0., 0., 0., 0., 0., 0., 0., 0., 0.,
          0., 0., 0., 0., 0., 0., 0., 0.],
         [0., 0., 0., 0., 0., 0., 0., 0., 0., 0., 0., 0., 0., 0., 0., 0., 0.,
          0., 0., 0., 0., 0., 0., 0., 0.],
         [0., 0., 0., 0., 0., 0., 0., 0., 0., 0., 0., 0., 0., 0., 0., 0., 0.,
          0., 0., 0., 0., 0., 0., 0., 0.],
         [0., 0., 0., 0., 0., 0., 0., 0., 0., 0., 0., 0., 0., 0., 0., 0., 0.,
          0., 0., 0., 0., 0., 0., 0., 0.]],

        [[1., 0., 0., 0., 0., 0., 0., 0., 0., 0., 0., 0., 0., 0., 0., 0., 0.,
          0., 0., 0., 0., 0., 0., 0., 0.],
         [1., 0., 0., 0., 0., 0., 0., 0., 0., 0., 0., 0., 0., 0., 0., 0., 0.,
          0., 0., 0., 0., 0., 0., 0., 0.],
         [1., 0., 0., 0., 0., 0., 0., 0., 0., 0., 0., 0., 0., 0., 0., 0., 0.,
          0., 0., 0., 0., 0., 0., 0., 0.],
         [1., 0., 0., 0., 0., 0., 0., 0., 0., 0., 0., 0., 0., 0., 0., 0., 0.,
          0., 0., 0., 0., 0., 0., 0., 0.],
         [1., 0., 0., 0., 0., 0., 0., 0., 0., 0., 0., 0., 0., 0., 0., 0., 0.,
          0., 0., 0., 0., 0., 0., 0., 0.],
         [1., 0., 0., 0., 0., 0., 0., 0., 0., 0., 0., 0., 0., 0., 0., 0., 0.,
          0., 0., 0., 0., 0., 0., 0., 0.],
         [1., 0., 0., 0., 0., 0., 0., 0., 0., 0., 0., 0., 0., 0., 0., 0., 0.,
          0., 0., 0., 0., 0., 0., 0., 0.],
         [1., 0., 0., 0., 0., 0., 0., 0., 0., 0., 0., 0., 0., 0., 0., 0., 0.,
          0., 0., 0., 0., 0., 0., 0., 0.],
         [1., 0., 0., 0., 0., 0., 0., 0., 0., 0., 0., 0., 0., 0., 0., 0., 0.,
          0., 0., 0., 0., 0., 0., 0., 0.],
         [1., 0., 0., 0., 0., 0., 0., 0., 0., 0., 0., 0., 0., 0., 0., 0., 0.,
          0., 0., 0., 0., 0., 0., 0., 0.],
         [1., 0., 0., 0., 0., 0., 0., 0., 0., 0., 0., 0., 0., 0., 0., 0., 0.,
          0., 0., 0., 0., 0., 0., 0., 0.],
         [1., 0., 0., 0., 0., 0., 0., 0., 0., 0., 0., 0., 0., 0., 0., 0., 0.,
          0., 0., 0., 0., 0., 0., 0., 0.],
         [0., 0., 0., 0., 0., 0., 0., 0., 0., 0., 0., 0., 0., 0., 0., 0., 0.,
          0., 0., 0., 0., 0., 0., 0., 0.],
         [0., 0., 0., 0., 0., 0., 0., 0., 0., 0., 0., 0., 0., 0., 0., 0., 0.,
          0., 0., 0., 0., 0., 0., 0., 0.],
         [0., 0., 0., 0., 0., 0., 0., 0., 0., 0., 0., 0., 0., 0., 0., 0., 0.,
          0., 0., 0., 0., 0., 0., 0., 0.],
         [0., 0., 0., 0., 0., 0., 0., 0., 0., 0., 0., 0., 0., 0., 0., 0., 0.,
          0., 0., 0., 0., 0., 0., 0., 0.],
         [0., 0., 0., 0., 0., 0., 0., 0., 0., 0., 0., 0., 0., 0., 0., 0., 0.,
          0., 0., 0., 0., 0., 0., 0., 0.],
         [0., 0., 0., 0., 0., 0., 0., 0., 0., 0., 0., 0., 0., 0., 0., 0., 0.,
          0., 0., 0., 0., 0., 0., 0., 0.],
         [0., 0., 0., 0., 0., 0., 0., 0., 0., 0., 0., 0., 0., 0., 0., 0., 0.,
          0., 0., 0., 0., 0., 0., 0., 0.],
         [0., 0., 0., 0., 0., 0., 0., 0., 0., 0., 0., 0., 0., 0., 0., 0., 0.,
          0., 0., 0., 0., 0., 0., 0., 0.]]])
Lengths:  tensor([ 7, 12], dtype=torch.int32)
Times:  tensor([[ 0.,  1.,  2.,  3.,  4.,  5.,  6.,  7.,  8.,  9., 10., 11., 12., 13.,
         14., 15., 16., 17., 18., 19., 20.],
        [ 0.,  1.,  2.,  3.,  4.,  5.,  6.,  7.,  8.,  9., 10., 11., 12., 13.,
         14., 15., 16., 17., 18., 19., 20.]])
Acuities:  tensor([[[ 3., 16., 14.],
         [ 5., 16., 24.],
         [ 5., 15., 22.],
         [ 5., 15., 22.],
         [ 3., 16., 15.],
         [ 3., 16., 22.],
         [ 7., 15., 24.],
         [ 0.,  0.,  0.],
         [ 0.,  0.,  0.],
         [ 0.,  0.,  0.],
         [ 0.,  0.,  0.],
         [ 0.,  0.,  0.],
         [ 0.,  0.,  0.],
         [ 0.,  0.,  0.],
         [ 0.,  0.,  0.],
         [ 0.,  0.,  0.],
         [ 0.,  0.,  0.],
         [ 0.,  0.,  0.],
         [ 0.,  0.,  0.],
         [ 0.,  0.,  0.]],

        [[10., 21., 47.],
         [ 8., 30., 56.],
         [ 6., 30., 46.],
         [ 5., 31., 42.],
         [ 5., 22., 38.],
         [ 4., 22., 28.],
         [ 4., 22., 35.],
         [ 4., 22., 37.],
         [ 4., 27., 30.],
         [ 4., 27., 35.],
         [ 6., 17., 35.],
         [ 9., 22., 42.],
         [ 0.,  0.,  0.],
         [ 0.,  0.,  0.],
         [ 0.,  0.,  0.],
         [ 0.,  0.,  0.],
         [ 0.,  0.,  0.],
         [ 0.,  0.,  0.],
         [ 0.,  0.,  0.],
         [ 0.,  0.,  0.]]])
Rewards:  tensor([[0., 0., 0., 0., 0., 0., 1., 0., 0., 0., 0., 0., 0., 0., 0., 0., 0., 0.,
         0., 0., 0.],
        [0., 0., 0., 0., 0., 0., 0., 0., 0., 0., 0., 1., 0., 0., 0., 0., 0., 0.,
         0., 0., 0.]])


Finished conversion


Extracting Test set mortality
